al = { 
0.000000000000000 0.000000000000000 0.000000000000000 0.000000000000000 0.000000000000000 0.000000000000000 0.000000000000000 0.000000000000000 0.000000000000000 
0.000000000000000 0.000000000000000 0.000000000000000 0.000000000000000 0.000000000000000 0.000000000000000 0.000000000000000 0.000000000000000 0.500000000000000 
0.000000000000000 0.000000000000000 0.000000000000000 0.000000000000000 0.000000000000000 0.000000000000000 0.000000000000000 0.333333333333333 0.250000000000000 
0.000000000000000 0.000000000000000 0.000000000000000 0.000000000000000 0.000000000000000 0.000000000000000 0.250000000000000 0.200000000000000 0.166666666666667 
0.000000000000000 0.000000000000000 0.000000000000000 0.000000000000000 0.000000000000000 0.200000000000000 0.166666666666667 0.142857142857143 0.125000000000000 
0.000000000000000 0.000000000000000 0.000000000000000 0.000000000000000 0.166666666666667 0.142857142857143 0.125000000000000 0.111111111111111 0.100000000000000 
0.000000000000000 0.000000000000000 0.000000000000000 0.142857142857143 0.125000000000000 0.111111111111111 0.100000000000000 0.090909090909091 0.083333333333333 
0.000000000000000 0.000000000000000 0.125000000000000 0.111111111111111 0.100000000000000 0.090909090909091 0.083333333333333 0.076923076923077 0.071428571428571 
0.000000000000000 0.111111111111111 0.100000000000000 0.090909090909091 0.083333333333333 0.076923076923077 0.071428571428571 0.066666666666667 0.062500000000000 
0.100000000000000 0.090909090909091 0.083333333333333 0.076923076923077 0.071428571428571 0.066666666666667 0.062500000000000 0.058823529411765 0.055555555555556 }

di = { 1.000000000000000 0.333333333333333 0.200000000000000 0.142857142857143 0.111111111111111 0.090909090909091 0.076923076923077 0.066666666666667 0.058823529411765 0.052631578947368 }

au = { 
0.000000000000000 0.000000000000000 0.000000000000000 0.000000000000000 0.000000000000000 0.000000000000000 0.000000000000000 0.000000000000000 0.000000000000000 
0.000000000000000 0.000000000000000 0.000000000000000 0.000000000000000 0.000000000000000 0.000000000000000 0.000000000000000 0.000000000000000 0.500000000000000 
0.000000000000000 0.000000000000000 0.000000000000000 0.000000000000000 0.000000000000000 0.000000000000000 0.000000000000000 0.333333333333333 0.250000000000000 
0.000000000000000 0.000000000000000 0.000000000000000 0.000000000000000 0.000000000000000 0.000000000000000 0.250000000000000 0.200000000000000 0.166666666666667 
0.000000000000000 0.000000000000000 0.000000000000000 0.000000000000000 0.000000000000000 0.200000000000000 0.166666666666667 0.142857142857143 0.125000000000000 
0.000000000000000 0.000000000000000 0.000000000000000 0.000000000000000 0.166666666666667 0.142857142857143 0.125000000000000 0.111111111111111 0.100000000000000 
0.000000000000000 0.000000000000000 0.000000000000000 0.142857142857143 0.125000000000000 0.111111111111111 0.100000000000000 0.090909090909091 0.083333333333333 
0.000000000000000 0.000000000000000 0.125000000000000 0.111111111111111 0.100000000000000 0.090909090909091 0.083333333333333 0.076923076923077 0.071428571428571 
0.000000000000000 0.111111111111111 0.100000000000000 0.090909090909091 0.083333333333333 0.076923076923077 0.071428571428571 0.066666666666667 0.062500000000000 
0.100000000000000 0.090909090909091 0.083333333333333 0.076923076923077 0.071428571428571 0.066666666666667 0.062500000000000 0.058823529411765 0.055555555555556 }

x = { 
1.000000000000000
2.000000000000000
3.000000000000000
4.000000000000000
5.000000000000000
6.000000000000000
7.000000000000000
8.000000000000000
9.000000000000000
10.000000000000000
}
